Epoch: 0
1.00909090909 1
Epoch: 1
0.993766986032 2
Epoch: 2
0.978701367852 1
Epoch: 3
0.963889700484 0
Epoch: 4
0.949327703252 1
Epoch: 5
0.935011167638 0
Epoch: 6
0.920935956063 0
Epoch: 7
0.907098000693 1
Epoch: 8
0.893493302262 0
Epoch: 9
0.880117928919 1
Epoch: 10
0.866968015088 0
Epoch: 11
0.85403976035 2
Epoch: 12
0.841329428352 2
Epoch: 13
0.828833345718 0
Epoch: 14
0.816547900994 2
Epoch: 15
0.804469543601 1
Epoch: 16
0.792594782809 0
Epoch: 17
0.78092018673 1
Epoch: 18
0.769442381324 0
Epoch: 19
0.758158049425 0
Epoch: 20
0.747063929784 1
Epoch: 21
0.736156816122 0
Epoch: 22
0.725433556208 0
Epoch: 23
0.714891050945 0
Epoch: 24
0.704526253475 0
Epoch: 25
0.6943361683 0
Epoch: 26
0.684317850414 0
Epoch: 27
0.674468404454 0
Epoch: 28
0.664784983861 0
Epoch: 29
0.65526479006 1
Epoch: 30
0.645905071648 1
Epoch: 31
0.6367031236 0
Epoch: 32
0.627656286492 2
Epoch: 33
0.618761945722 0
Epoch: 34
0.610017530766 0
Epoch: 35
0.601420514425 0
Epoch: 36
0.592968412104 0
Epoch: 37
0.584658781084 0
Epoch: 38
0.576489219826 0
Epoch: 39
0.568457367268 1
Epoch: 40
0.560560902151 0
Epoch: 41
0.552797542339 0
Epoch: 42
0.545165044169 0
Epoch: 43
0.537661201795 0
Epoch: 44
0.530283846554 0
Epoch: 45
0.52303084634 0
Epoch: 46
0.515900104985 0
Epoch: 47
0.508889561655 0
Epoch: 48
0.501997190254 0
Epoch: 49
0.49522099884 0
Epoch: 50
0.488559029044 0
Epoch: 51
0.482009355513 0
Epoch: 52
0.475570085344 1
Epoch: 53
0.469239357544 1
Epoch: 54
0.463015342488 1
Epoch: 55
0.456896241392 0
Epoch: 56
0.450880285795 0
Epoch: 57
0.444965737042 0
Epoch: 58
0.439150885788 1
Epoch: 59
0.433434051501 0
Epoch: 60
0.427813581976 0
Epoch: 61
0.422287852857 0
Epoch: 62
0.416855267171 1
Epoch: 63
0.411514254862 0
Epoch: 64
0.406263272341 1
Epoch: 65
0.401100802038 0
Epoch: 66
0.396025351962 1
Epoch: 67
0.391035455274 0
Epoch: 68
0.386129669857 0
Epoch: 69
0.381306577907 1
Epoch: 70
0.376564785515 0
Epoch: 71
0.371902922272 0
Epoch: 72
0.367319640865 0
Epoch: 73
0.362813616695 1
Epoch: 74
0.35838354749 1
Epoch: 75
0.354028152929 0
Epoch: 76
0.349746174271 0
Epoch: 77
0.345536373996 0
Epoch: 78
0.341397535443 0
Epoch: 79
0.337328462457 1
Epoch: 80
0.333327979049 1
Epoch: 81
0.32939492905 3
Epoch: 82
0.325528175783 0
Epoch: 83
0.321726601728 1
Epoch: 84
0.317989108205 0
Epoch: 85
0.314314615051 0
Epoch: 86
0.310702060312 1
Epoch: 87
0.307150399935 3
Epoch: 88
0.303658607466 0
Epoch: 89
0.300225673752 0
Epoch: 90
0.296850606651 0
Epoch: 91
0.293532430745 1
Epoch: 92
0.290270187059 0
Epoch: 93
0.287062932782 2
Epoch: 94
0.283909740994 0
Epoch: 95
0.280809700401 0
Epoch: 96
0.27776191507 1
Epoch: 97
0.274765504169 0
Epoch: 98
0.271819601716 2
Epoch: 99
0.268923356324 0
Epoch: 100
0.266075930957 0
Epoch: 101
0.26327650269 0
Epoch: 102
0.260524262469 1
Epoch: 103
0.257818414877 3
Epoch: 104
0.255158177906 0
Epoch: 105
0.252542782727 1
Epoch: 106
0.249971473475 2
Epoch: 107
0.247443507022 0
Epoch: 108
0.24495815277 0
Epoch: 109
0.242514692432 0
Epoch: 110
0.240112419832 0
Epoch: 111
0.237750640697 1
Epoch: 112
0.235428672455 3
Epoch: 113
0.233145844043 0
Epoch: 114
0.230901495706 0
Epoch: 115
0.228694978813 0
Epoch: 116
0.226525655664 1
Epoch: 117
0.22439289931 0
Epoch: 118
0.22229609337 0
Epoch: 119
0.220234631853 0
Epoch: 120
0.21820791898 1
Epoch: 121
0.216215369019 0
Epoch: 122
0.214256406109 1
Epoch: 123
0.212330464095 0
Epoch: 124
0.210436986367 0
Epoch: 125
0.208575425697 0
Epoch: 126
0.206745244081 0
Epoch: 127
0.204945912583 0
Epoch: 128
0.203176911184 0
Epoch: 129
0.201437728631 2
Epoch: 130
0.199727862287 0
Epoch: 131
0.198046817989 0
Epoch: 132
0.196394109905 1
Epoch: 133
0.194769260389 1
Epoch: 134
0.193171799849 1
Epoch: 135
0.191601266608 1
Epoch: 136
0.19005720677 1
Epoch: 137
0.188539174092 0
Epoch: 138
0.187046729851 1
Epoch: 139
0.185579442721 1
Epoch: 140
0.184136888646 0
Epoch: 141
0.182718650717 0
Epoch: 142
0.181324319054 0
Epoch: 143
0.179953490685 0
Epoch: 144
0.178605769432 0
Epoch: 145
0.177280765792 0
Epoch: 146
0.175978096833 0
Epoch: 147
0.174697386072 0
Epoch: 148
0.173438263375 0
Epoch: 149
0.172200364848 0
Epoch: 150
0.170983332728 0
Epoch: 151
0.169786815286 1
Epoch: 152
0.168610466719 0
Epoch: 153
0.167453947055 1
Epoch: 154
0.166316922051 0
Epoch: 155
0.165199063099 1
Epoch: 156
0.16410004713 2
Epoch: 157
0.16301955652 1
Epoch: 158
0.161957279001 0
Epoch: 159
0.160912907567 0
Epoch: 160
0.159886140388 0
Epoch: 161
0.158876680719 1
Epoch: 162
0.157884236821 0
Epoch: 163
0.156908521871 1
Epoch: 164
0.155949253879 1
Epoch: 165
0.155006155611 1
Epoch: 166
0.154078954505 0
Epoch: 167
0.153167382594 0
Epoch: 168
0.152271176426 0
Epoch: 169
0.151390076991 0
Epoch: 170
0.150523829647 1
Epoch: 171
0.149672184041 0
Epoch: 172
0.148834894042 0
Epoch: 173
0.148011717667 0
Epoch: 174
0.147202417013 0
Epoch: 175
0.146406758186 1
Epoch: 176
0.145624511235 1
Epoch: 177
0.144855450085 0
Epoch: 178
0.144099352472 0
Epoch: 179
0.14335599988 0
Epoch: 180
0.142625177473 0
Epoch: 181
0.141906674039 0
Epoch: 182
0.141200281925 0
Epoch: 183
0.14050579698 0
Epoch: 184
0.139823018492 0
Epoch: 185
0.139151749133 1
Epoch: 186
0.138491794903 0
Epoch: 187
0.137842965069 0
Epoch: 188
0.137205072116 0
Epoch: 189
0.136577931687 0
Epoch: 190
0.135961362535 0
Epoch: 191
0.135355186467 0
Epoch: 192
0.134759228294 0
Epoch: 193
0.13417331578 1
Epoch: 194
0.133597279592 1
Epoch: 195
0.133030953252 1
Epoch: 196
0.132474173087 1
Epoch: 197
0.131926778185 1
Epoch: 198
0.131388610343 1
Epoch: 199
0.130859514028 0
Epoch: 200
0.130339336328 2
Epoch: 201
0.129827926906 0
Epoch: 202
0.129325137964 1
Epoch: 203
0.12883082419 1
Epoch: 204
0.128344842725 0
Epoch: 205
0.127867053117 1
Epoch: 206
0.127397317282 1
Epoch: 207
0.126935499462 2
Epoch: 208
0.126481466188 0
Epoch: 209
0.126035086243 0
Epoch: 210
0.125596230618 0
Epoch: 211
0.125164772483 0
Epoch: 212
0.124740587142 0
Epoch: 213
0.124323552003 1
Epoch: 214
0.123913546539 2
Epoch: 215
0.123510452257 1
Epoch: 216
0.12311415266 0
Epoch: 217
0.122724533213 1
Epoch: 218
0.122341481315 0
Epoch: 219
0.12196488626 0
Epoch: 220
0.12159463921 0
Epoch: 221
0.121230633162 0
Epoch: 222
0.120872762914 0
Epoch: 223
0.120520925039 1
Epoch: 224
0.120175017855 0
Epoch: 225
0.119834941392 1
Epoch: 226
0.119500597365 1
Epoch: 227
0.119171889146 0
Epoch: 228
0.118848721736 1
Epoch: 229
0.118531001738 0
Epoch: 230
0.118218637329 0
Epoch: 231
0.117911538232 0
Epoch: 232
0.117609615695 0
Epoch: 233
0.11731278246 0
Epoch: 234
0.117020952739 1
Epoch: 235
0.116734042192 0
Epoch: 236
0.116451967899 0
Epoch: 237
0.11617464834 1
Epoch: 238
0.115902003366 0
Epoch: 239
0.115633954183 1
Epoch: 240
0.115370423321 0
Epoch: 241
0.115111334618 1
Epoch: 242
0.114856613196 0
Epoch: 243
0.114606185439 0
Epoch: 244
0.114359978971 0
Epoch: 245
0.114117922636 0
Epoch: 246
0.11387994648 2
Epoch: 247
0.113645981725 0
Epoch: 248
0.113415960754 0
Epoch: 249
0.113189817088 0
Epoch: 250
0.112967485372 0
Epoch: 251
0.112748901349 0
Epoch: 252
0.112534001847 1
Epoch: 253
0.112322724759 0
Epoch: 254
0.112115009025 0
Epoch: 255
0.111910794612 0
Epoch: 256
0.111710022502 1
Epoch: 257
0.111512634669 2
Epoch: 258
0.111318574069 0
Epoch: 259
0.111127784615 1
Epoch: 260
0.110940211168 0
Epoch: 261
0.110755799518 0
Epoch: 262
0.11057449637 0
Epoch: 263
0.110396249324 1
Epoch: 264
0.110221006867 1
Epoch: 265
0.110048718352 2
Epoch: 266
0.109879333986 2
Epoch: 267
0.109712804817 0
Epoch: 268
0.109549082716 0
Epoch: 269
0.109388120366 1
Epoch: 270
0.109229871249 0
Epoch: 271
0.109074289628 1
Epoch: 272
0.10892133054 0
Epoch: 273
0.108770949779 1
Epoch: 274
0.108623103884 0
Epoch: 275
0.108477750125 0
Epoch: 276
0.108334846496 0
Epoch: 277
0.108194351694 0
Epoch: 278
0.108056225118 0
Epoch: 279
0.107920426847 0
Epoch: 280
0.107786917634 2
Epoch: 281
0.107655658895 0
Epoch: 282
0.107526612694 3
Epoch: 283
0.107399741737 1
Epoch: 284
0.107275009357 1
Epoch: 285
0.107152379505 0
Epoch: 286
0.10703181674 2
Epoch: 287
0.106913286219 0
Epoch: 288
0.106796753687 0
Epoch: 289
0.106682185463 0
Epoch: 290
0.106569548438 1
Epoch: 291
0.106458810057 0
Epoch: 292
0.106349938318 0
Epoch: 293
0.106242901755 1
Epoch: 294
0.106137669435 3
Epoch: 295
0.106034210943 0
Epoch: 296
0.10593249638 4
Epoch: 297
0.10583249635 1
Epoch: 298
0.105734181953 1
Epoch: 299
0.105637524773 2
Epoch: 300
0.105542496878 1
Epoch: 301
0.105449070802 1
Epoch: 302
0.105357219547 0
Epoch: 303
0.105266916564 1
Epoch: 304
0.105178135758 1
Epoch: 305
0.105090851468 1
Epoch: 306
0.105005038471 0
Epoch: 307
0.104920671964 0
Epoch: 308
0.104837727565 1
Epoch: 309
0.104756181304 0
Epoch: 310
0.104676009612 0
Epoch: 311
0.104597189319 0
Epoch: 312
0.104519697646 2
Epoch: 313
0.104443512197 3
Epoch: 314
0.104368610954 0
Epoch: 315
0.10429497227 0
Epoch: 316
0.104222574863 0
Epoch: 317
0.10415139781 1
Epoch: 318
0.104081420539 1
Epoch: 319
0.104012622827 0
Epoch: 320
0.103944984792 0
Epoch: 321
0.103878486884 1
Epoch: 322
0.103813109886 1
Epoch: 323
0.103748834903 1
Epoch: 324
0.10368564336 1
Epoch: 325
0.103623516993 0
Epoch: 326
0.103562437848 1
Epoch: 327
0.103502388272 0
Epoch: 328
0.103443350911 1
Epoch: 329
0.103385308702 0
Epoch: 330
0.103328244871 1
Epoch: 331
0.103272142926 1
Epoch: 332
0.103216986652 0
Epoch: 333
0.103162760111 1
Epoch: 334
0.103109447629 0
Epoch: 335
0.103057033799 0
Epoch: 336
0.103005503473 0
Epoch: 337
0.102954841759 0
Epoch: 338
0.102905034014 0
Epoch: 339
0.102856065845 0
Epoch: 340
0.102807923098 0
Epoch: 341
0.102760591861 0
Epoch: 342
0.102714058454 0
Epoch: 343
0.102668309429 0
Epoch: 344
0.102623331564 0
Epoch: 345
0.10257911186 1
Epoch: 346
0.102535637537 0
Epoch: 347
0.102492896031 0
Epoch: 348
0.102450874989 0
Epoch: 349
0.102409562267 0
Epoch: 350
0.102368945926 1
Epoch: 351
0.102329014226 0
Epoch: 352
0.102289755628 0
Epoch: 353
0.102251158785 0
Epoch: 354
0.102213212543 0
Epoch: 355
0.102175905934 0
Epoch: 356
0.102139228177 0
Epoch: 357
0.102103168673 0
Epoch: 358
0.102067716998 0
Epoch: 359
0.102032862908 1
Epoch: 360
0.10199859633 1
Epoch: 361
0.10196490736 1
Epoch: 362
0.101931786262 2
Epoch: 363
0.101899223463 0
Epoch: 364
0.101867209554 0
Epoch: 365
0.101835735281 1
Epoch: 366
0.101804791548 1
Epoch: 367
0.101774369412 0
Epoch: 368
0.101744460082 0
Epoch: 369
0.101715054913 0
Epoch: 370
0.101686145406 0
Epoch: 371
0.101657723208 0
Epoch: 372
0.101629780102 0
Epoch: 373
0.101602308015 0
Epoch: 374
0.101575299006 0
Epoch: 375
0.101548745269 0
Epoch: 376
0.10152263913 0
Epoch: 377
0.101496973045 1
Epoch: 378
0.101471739595 0
Epoch: 379
0.101446931488 2
Epoch: 380
0.101422541555 0
Epoch: 381
0.101398562746 0
Epoch: 382
0.101374988131 0
Epoch: 383
0.101351810898 0
Epoch: 384
0.101329024347 1
Epoch: 385
0.101306621893 0
Epoch: 386
0.101284597063 0
Epoch: 387
0.101262943489 0
Epoch: 388
0.101241654916 0
Epoch: 389
0.101220725189 0
Epoch: 390
0.10120014826 0
Epoch: 391
0.101179918182 1
Epoch: 392
0.101160029109 0
Epoch: 393
0.101140475293 0
Epoch: 394
0.101121251082 2
Epoch: 395
0.10110235092 0
Epoch: 396
0.101083769345 0
Epoch: 397
0.101065500987 2
Epoch: 398
0.101047540567 0
Epoch: 399
0.101029882893 0
Epoch: 400
0.101012522862 1
Epoch: 401
0.100995455457 0
Epoch: 402
0.100978675746 1
Epoch: 403
0.100962178879 0
Epoch: 404
0.100945960088 0
Epoch: 405
0.100930014687 0
Epoch: 406
0.100914338066 0
Epoch: 407
0.100898925695 1
Epoch: 408
0.10088377312 0
Epoch: 409
0.100868875962 0
Epoch: 410
0.100854229914 1
Epoch: 411
0.100839830746 0
Epoch: 412
0.100825674294 0
Epoch: 413
0.100811756467 0
Epoch: 414
0.100798073244 1
Epoch: 415
0.10078462067 0
Epoch: 416
0.100771394857 0
Epoch: 417
0.100758391982 1
Epoch: 418
0.100745608287 1
Epoch: 419
0.100733040079 0
Epoch: 420
0.100720683724 0
Epoch: 421
0.100708535652 0
Epoch: 422
0.100696592352 0
Epoch: 423
0.100684850371 0
Epoch: 424
0.100673306317 0
Epoch: 425
0.100661956854 1
Epoch: 426
0.1006507987 0
Epoch: 427
0.100639828632 0
Epoch: 428
0.100629043479 0
Epoch: 429
0.100618440124 1
Epoch: 430
0.100608015502 0
Epoch: 431
0.100597766601 0
Epoch: 432
0.100587690458 1
Epoch: 433
0.100577784163 0
Epoch: 434
0.100568044851 0
Epoch: 435
0.100558469708 1
Epoch: 436
0.100549055966 0
Epoch: 437
0.100539800906 1
Epoch: 438
0.100530701851 1
Epoch: 439
0.100521756173 0
Epoch: 440
0.100512961287 0
Epoch: 441
0.10050431465 0
Epoch: 442
0.100495813763 0
Epoch: 443
0.10048745617 0
Epoch: 444
0.100479239455 1
Epoch: 445
0.100471161243 0
Epoch: 446
0.100463219201 1
Epoch: 447
0.100455411032 0
Epoch: 448
0.10044773448 1
Epoch: 449
0.100440187326 1
Epoch: 450
0.10043276739 0
Epoch: 451
0.100425472526 1
Epoch: 452
0.100418300627 0
Epoch: 453
0.10041124962 1
Epoch: 454
0.100404317467 0
Epoch: 455
0.100397502164 0
Epoch: 456
0.100390801742 0
Epoch: 457
0.100384214265 1
Epoch: 458
0.100377737828 1
Epoch: 459
0.10037137056 0
Epoch: 460
0.100365110621 0
Epoch: 461
0.100358956201 1
Epoch: 462
0.100352905522 1
Epoch: 463
0.100346956835 0
Epoch: 464
0.100341108421 1
Epoch: 465
0.10033535859 0
Epoch: 466
0.10032970568 2
Epoch: 467
0.100324148057 1
Epoch: 468
0.100318684115 0
Epoch: 469
0.100313312275 0
Epoch: 470
0.100308030985 0
Epoch: 471
0.100302838717 2
Epoch: 472
0.100297733973 0
Epoch: 473
0.100292715275 0
Epoch: 474
0.100287781174 0
Epoch: 475
0.100282930244 0
Epoch: 476
0.100278161082 0
Epoch: 477
0.100273472311 0
Epoch: 478
0.100268862576 0
Epoch: 479
0.100264330543 0
Epoch: 480
0.100259874904 1
Epoch: 481
0.100255494371 0
Epoch: 482
0.100251187677 2
Epoch: 483
0.100246953579 0
Epoch: 484
0.100242790851 0
Epoch: 485
0.100238698292 0
Epoch: 486
0.100234674718 0
Epoch: 487
0.100230718967 0
Epoch: 488
0.100226829896 0
Epoch: 489
0.100223006379 0
Epoch: 490
0.100219247314 1
Epoch: 491
0.100215551612 0
Epoch: 492
0.100211918206 0
Epoch: 493
0.100208346046 2
Epoch: 494
0.100204834099 0
Epoch: 495
0.100201381351 0
Epoch: 496
0.100197986803 0
Epoch: 497
0.100194649475 0
Epoch: 498
0.100191368402 0
Epoch: 499
0.100188142636 0
Epoch: 500
0.100184971245 2
Epoch: 501
0.100181853311 0
Epoch: 502
0.100178787934 1
Epoch: 503
0.100175774228 1
Epoch: 504
0.100172811323 0
Epoch: 505
0.10016989836 0
Epoch: 506
0.1001670345 0
Epoch: 507
0.100164218914 1
Epoch: 508
0.100161450788 1
Epoch: 509
0.100158729323 0
Epoch: 510
0.100156053731 0
Epoch: 511
0.10015342324 2
Epoch: 512
0.10015083709 0
Epoch: 513
0.100148294532 0
Epoch: 514
0.100145794833 0
Epoch: 515
0.100143337269 0
Epoch: 516
0.100140921131 0
Epoch: 517
0.10013854572 0
Epoch: 518
0.100136210349 0
Epoch: 519
0.100133914345 0
Epoch: 520
0.100131657042 0
Epoch: 521
0.10012943779 0
Epoch: 522
0.100127255946 1
Epoch: 523
0.100125110879 0
Epoch: 524
0.100123001971 0
Epoch: 525
0.100120928611 1
Epoch: 526
0.1001188902 1
Epoch: 527
0.100116886149 0
Epoch: 528
0.10011491588 0
Epoch: 529
0.100112978821 0
Epoch: 530
0.100111074415 0
Epoch: 531
0.100109202109 0
Epoch: 532
0.100107361364 0
Epoch: 533
0.100105551647 0
Epoch: 534
0.100103772435 0
Epoch: 535
0.100102023214 1
Epoch: 536
0.100100303479 2
Epoch: 537
0.100098612732 0
Epoch: 538
0.100096950484 0
Epoch: 539
0.100095316256 0
Epoch: 540
0.100093709576 1
Epoch: 541
0.100092129977 0
Epoch: 542
0.100090577005 0
Epoch: 543
0.100089050211 2
Epoch: 544
0.100087549152 0
Epoch: 545
0.100086073396 1
Epoch: 546
0.100084622516 0
Epoch: 547
0.100083196092 0
Epoch: 548
0.100081793713 2
Epoch: 549
0.100080414972 2
Epoch: 550
0.100079059472 0
Epoch: 551
0.100077726821 0
Epoch: 552
0.100076416633 0
Epoch: 553
0.10007512853 0
Epoch: 554
0.10007386214 1
Epoch: 555
0.100072617096 0
Epoch: 556
0.100071393039 0
Epoch: 557
0.100070189616 0
Epoch: 558
0.100069006478 1
Epoch: 559
0.100067843283 0
Epoch: 560
0.100066699695 2
Epoch: 561
0.100065575384 0
Epoch: 562
0.100064470024 1
Epoch: 563
0.100063383297 1
Epoch: 564
0.100062314889 0
Epoch: 565
0.100061264489 0
Epoch: 566
0.100060231796 1
Epoch: 567
0.100059216509 1
Epoch: 568
0.100058218337 1
Epoch: 569
0.100057236991 0
Epoch: 570
0.100056272186 0
Epoch: 571
0.100055323644 0
Epoch: 572
0.100054391091 0
Epoch: 573
0.100053474258 0
Epoch: 574
0.100052572879 0
Epoch: 575
0.100051686694 0
Epoch: 576
0.100050815447 0
Epoch: 577
0.100049958886 0
Epoch: 578
0.100049116763 1
Epoch: 579
0.100048288835 1
Epoch: 580
0.100047474863 1
Epoch: 581
0.100046674612 0
Epoch: 582
0.10004588785 0
Epoch: 583
0.10004511435 0
Epoch: 584
0.100044353888 0
Epoch: 585
0.100043606245 0
Epoch: 586
0.100042871205 0
Epoch: 587
0.100042148554 1
Epoch: 588
0.100041438085 0
Epoch: 589
0.100040739591 0
Epoch: 590
0.100040052872 1
Epoch: 591
0.100039377728 1
Epoch: 592
0.100038713965 1
Epoch: 593
0.10003806139 0
Epoch: 594
0.100037419815 0
Epoch: 595
0.100036789055 0
Epoch: 596
0.100036168927 1
Epoch: 597
0.100035559252 0
Epoch: 598
0.100034959854 1
Epoch: 599
0.10003437056 0
Epoch: 600
0.100033791199 0
Epoch: 601
0.100033221604 1
Epoch: 602
0.10003266161 0
Epoch: 603
0.100032111055 0
Epoch: 604
0.100031569781 0
Epoch: 605
0.100031037631 1
Epoch: 606
0.100030514451 0
Epoch: 607
0.10003000009 1
Epoch: 608
0.100029494399 1
Epoch: 609
0.100028997232 0
Epoch: 610
0.100028508446 1
Epoch: 611
0.100028027898 0
Epoch: 612
0.100027555451 0
Epoch: 613
0.100027090968 1
Epoch: 614
0.100026634314 0
Epoch: 615
0.100026185357 0
Epoch: 616
0.100025743969 0
Epoch: 617
0.10002531002 0
Epoch: 618
0.100024883387 1
Epoch: 619
0.100024463944 0
Epoch: 620
0.100024051572 0
Epoch: 621
0.100023646152 0
Epoch: 622
0.100023247565 0
Epoch: 623
0.100022855696 1
Epoch: 624
0.100022470433 0
Epoch: 625
0.100022091665 0
Epoch: 626
0.100021719281 0
Epoch: 627
0.100021353174 0
Epoch: 628
0.100020993238 0
Epoch: 629
0.100020639369 0
Epoch: 630
0.100020291465 0
Epoch: 631
0.100019949426 0
Epoch: 632
0.100019613152 0
Epoch: 633
0.100019282547 1
Epoch: 634
0.100018957514 2
Epoch: 635
0.10001863796 0
Epoch: 636
0.100018323793 0
Epoch: 637
0.100018014921 0
Epoch: 638
0.100017711256 0
Epoch: 639
0.10001741271 0
Epoch: 640
0.100017119196 1
Epoch: 641
0.100016830629 0
Epoch: 642
0.100016546927 0
Epoch: 643
0.100016268006 0
Epoch: 644
0.100015993788 1
Epoch: 645
0.100015724191 0
Epoch: 646
0.100015459139 1
Epoch: 647
0.100015198555 0
Epoch: 648
0.100014942364 0
Epoch: 649
0.10001469049 0
Epoch: 650
0.100014442863 0
Epoch: 651
0.100014199409 0
Epoch: 652
0.10001396006 0
Epoch: 653
0.100013724745 0
Epoch: 654
0.100013493396 1
Epoch: 655
0.100013265947 0
Epoch: 656
0.100013042332 0
Epoch: 657
0.100012822486 0
Epoch: 658
0.100012606347 0
Epoch: 659
0.10001239385 0
Epoch: 660
0.100012184935 0
Epoch: 661
0.100011979542 0
Epoch: 662
0.100011777611 1
Epoch: 663
0.100011579084 0
Epoch: 664
0.100011383903 0
Epoch: 665
0.100011192013 0
Epoch: 666
0.100011003357 0
Epoch: 667
0.100010817881 1
Epoch: 668
0.100010635531 0
Epoch: 669
0.100010456255 0
Epoch: 670
0.100010280001 0
Epoch: 671
0.100010106718 0
Epoch: 672
0.100009936356 0
Epoch: 673
0.100009768866 0
Epoch: 674
0.100009604199 1
Epoch: 675
0.100009442307 2
Epoch: 676
0.100009283145 0
Epoch: 677
0.100009126665 0
Epoch: 678
0.100008972823 0
Epoch: 679
0.100008821575 0
Epoch: 680
0.100008672875 0
Epoch: 681
0.100008526683 1
Epoch: 682
0.100008382954 1
Epoch: 683
0.100008241648 0
Epoch: 684
0.100008102725 0
Epoch: 685
0.100007966143 0
Epoch: 686
0.100007831863 0
Epoch: 687
0.100007699846 0
Epoch: 688
0.100007570055 0
Epoch: 689
0.100007442452 1
Epoch: 690
0.100007317 1
Epoch: 691
0.100007193662 0
Epoch: 692
0.100007072403 0
Epoch: 693
0.100006953189 0
Epoch: 694
0.100006835984 1
Epoch: 695
0.100006720754 0
Epoch: 696
0.100006607467 0
Epoch: 697
0.100006496089 0
Epoch: 698
0.100006386589 1
Epoch: 699
0.100006278935 0
Epoch: 700
0.100006173095 0
Epoch: 701
0.10000606904 0
Epoch: 702
0.100005966738 0
Epoch: 703
0.100005866161 1
Epoch: 704
0.100005767279 0
Epoch: 705
0.100005670064 0
Epoch: 706
0.100005574487 0
Epoch: 707
0.100005480522 0
Epoch: 708
0.100005388141 0
Epoch: 709
0.100005297317 0
Epoch: 710
0.100005208023 0
Epoch: 711
0.100005120235 0
Epoch: 712
0.100005033927 0
Epoch: 713
0.100004949073 0
Epoch: 714
0.10000486565 0
Epoch: 715
0.100004783633 1
Epoch: 716
0.100004702999 0
Epoch: 717
0.100004623724 0
Epoch: 718
0.100004545785 0
Epoch: 719
0.10000446916 0
Epoch: 720
0.100004393826 0
Epoch: 721
0.100004319762 1
Epoch: 722
0.100004246947 0
Epoch: 723
0.100004175359 0
Epoch: 724
0.100004104978 1
Epoch: 725
0.100004035783 2
Epoch: 726
0.100003967755 0
Epoch: 727
0.100003900873 0
Epoch: 728
0.100003835119 0
Epoch: 729
0.100003770473 0
Epoch: 730
0.100003706916 0
Epoch: 731
0.100003644431 0
Epoch: 732
0.100003583 0
Epoch: 733
0.100003522604 0
Epoch: 734
0.100003463225 1
Epoch: 735
0.100003404848 0
Epoch: 736
0.100003347455 0
Epoch: 737
0.100003291029 1
Epoch: 738
0.100003235555 2
Epoch: 739
0.100003181015 0
Epoch: 740
0.100003127395 2
Epoch: 741
0.100003074679 0
Epoch: 742
0.100003022851 0
Epoch: 743
0.100002971897 0
Epoch: 744
0.100002921802 0
Epoch: 745
0.100002872551 0
Epoch: 746
0.10000282413 0
Epoch: 747
0.100002776526 0
Epoch: 748
0.100002729724 0
Epoch: 749
0.100002683711 0
Epoch: 750
0.100002638473 0
Epoch: 751
0.100002593998 0
Epoch: 752
0.100002550273 0
Epoch: 753
0.100002507285 0
Epoch: 754
0.100002465021 0
Epoch: 755
0.10000242347 0
Epoch: 756
0.100002382619 0
Epoch: 757
0.100002342457 1
Epoch: 758
0.100002302972 0
Epoch: 759
0.100002264152 2
Epoch: 760
0.100002225987 0
Epoch: 761
0.100002188465 2
Epoch: 762
0.100002151576 0
Epoch: 763
0.100002115308 0
Epoch: 764
0.100002079652 0
Epoch: 765
0.100002044596 0
Epoch: 766
0.100002010132 0
Epoch: 767
0.100001976249 0
Epoch: 768
0.100001942936 0
Epoch: 769
0.100001910186 1
Epoch: 770
0.100001877987 0
Epoch: 771
0.100001846331 0
Epoch: 772
0.100001815209 0
Epoch: 773
0.100001784611 0
Epoch: 774
0.100001754529 0
Epoch: 775
0.100001724954 1
Epoch: 776
0.100001695878 1
Epoch: 777
0.100001667291 0
Epoch: 778
0.100001639187 0
Epoch: 779
0.100001611556 0
Epoch: 780
0.100001584391 0
Epoch: 781
0.100001557684 0
Epoch: 782
0.100001531428 0
Epoch: 783
0.100001505613 0
Epoch: 784
0.100001480234 0
Epoch: 785
0.100001455283 0
Epoch: 786
0.100001430752 1
Epoch: 787
0.100001406635 1
Epoch: 788
0.100001382924 0
Epoch: 789
0.100001359613 0
Epoch: 790
0.100001336695 0
Epoch: 791
0.100001314164 0
Epoch: 792
0.100001292012 0
Epoch: 793
0.100001270233 0
Epoch: 794
0.100001248822 0
Epoch: 795
0.100001227771 1
Epoch: 796
0.100001207075 0
Epoch: 797
0.100001186729 0
Epoch: 798
0.100001166725 0
Epoch: 799
0.100001147058 0
Epoch: 800
0.100001127723 0
Epoch: 801
0.100001108714 2
Epoch: 802
0.100001090025 0
Epoch: 803
0.100001071651 0
Epoch: 804
0.100001053587 0
Epoch: 805
0.100001035827 0
Epoch: 806
0.100001018367 0
Epoch: 807
0.100001001201 0
Epoch: 808
0.100000984325 0
Epoch: 809
0.100000967732 0
Epoch: 810
0.10000095142 0
Epoch: 811
0.100000935383 0
Epoch: 812
0.100000919616 1
Epoch: 813
0.100000904114 0
Epoch: 814
0.100000888874 1
Epoch: 815
0.100000873891 0
Epoch: 816
0.10000085916 0
Epoch: 817
0.100000844678 0
Epoch: 818
0.10000083044 0
Epoch: 819
0.100000816442 2
Epoch: 820
0.10000080268 1
Epoch: 821
0.100000789149 0
Epoch: 822
0.100000775847 0
Epoch: 823
0.100000762769 1
Epoch: 824
0.100000749912 0
Epoch: 825
0.100000737271 0
Epoch: 826
0.100000724843 0
Epoch: 827
0.100000712625 1
Epoch: 828
0.100000700613 0
Epoch: 829
0.100000688803 0
Epoch: 830
0.100000677193 0
Epoch: 831
0.100000665778 1
Epoch: 832
0.100000654555 1
Epoch: 833
0.100000643522 2
Epoch: 834
0.100000632674 1
Epoch: 835
0.10000062201 0
Epoch: 836
0.100000611525 0
Epoch: 837
0.100000601217 0
Epoch: 838
0.100000591083 1
Epoch: 839
0.100000581119 0
Epoch: 840
0.100000571324 1
Epoch: 841
0.100000561693 0
Epoch: 842
0.100000552225 2
Epoch: 843
0.100000542917 0
Epoch: 844
0.100000533765 0
Epoch: 845
0.100000524768 1
Epoch: 846
0.100000515922 3
Epoch: 847
0.100000507225 0
Epoch: 848
0.100000498676 0
Epoch: 849
0.10000049027 0
Epoch: 850
0.100000482006 1
Epoch: 851
0.100000473881 0
Epoch: 852
0.100000465893 0
Epoch: 853
0.10000045804 1
Epoch: 854
0.100000450319 2
Epoch: 855
0.100000442728 2
Epoch: 856
0.100000435265 0
Epoch: 857
0.100000427928 0
Epoch: 858
0.100000420715 0
Epoch: 859
0.100000413623 0
Epoch: 860
0.100000406651 0
Epoch: 861
0.100000399796 0
Epoch: 862
0.100000393057 0
Epoch: 863
0.100000386432 0
Epoch: 864
0.100000379918 0
Epoch: 865
0.100000373514 0
Epoch: 866
0.100000367218 1
Epoch: 867
0.100000361028 1
Epoch: 868
0.100000354942 0
Epoch: 869
0.100000348959 0
Epoch: 870
0.100000343077 0
Epoch: 871
0.100000337294 0
Epoch: 872
0.100000331609 0
Epoch: 873
0.100000326019 0
Epoch: 874
0.100000320524 0
Epoch: 875
0.100000315121 0
Epoch: 876
0.100000309809 0
Epoch: 877
0.100000304587 3
Epoch: 878
0.100000299452 0
Epoch: 879
0.100000294405 0
Epoch: 880
0.100000289442 0
Epoch: 881
0.100000284563 1
Epoch: 882
0.100000279767 1
Epoch: 883
0.100000275051 0
Epoch: 884
0.100000270414 0
Epoch: 885
0.100000265856 0
Epoch: 886
0.100000261375 1
Epoch: 887
0.100000256969 0
Epoch: 888
0.100000252638 1
Epoch: 889
0.100000248379 0
Epoch: 890
0.100000244192 0
Epoch: 891
0.100000240076 1
Epoch: 892
0.100000236029 0
Epoch: 893
0.100000232051 0
Epoch: 894
0.100000228139 0
Epoch: 895
0.100000224294 0
Epoch: 896
0.100000220513 2
Epoch: 897
0.100000216796 0
Epoch: 898
0.100000213141 0
Epoch: 899
0.100000209549 2
Epoch: 900
0.100000206016 0
Epoch: 901
0.100000202544 0
Epoch: 902
0.10000019913 1
Epoch: 903
0.100000195773 1
Epoch: 904
0.100000192473 0
Epoch: 905
0.100000189229 0
Epoch: 906
0.100000186039 0
Epoch: 907
0.100000182903 1
Epoch: 908
0.10000017982 0
Epoch: 909
0.100000176789 1
Epoch: 910
0.100000173809 0
Epoch: 911
0.100000170879 0
Epoch: 912
0.100000167999 0
Epoch: 913
0.100000165167 0
Epoch: 914
0.100000162383 0
Epoch: 915
0.100000159645 0
Epoch: 916
0.100000156954 0
Epoch: 917
0.100000154309 0
Epoch: 918
0.100000151708 0
Epoch: 919
0.10000014915 1
Epoch: 920
0.100000146636 0
Epoch: 921
0.100000144165 1
Epoch: 922
0.100000141735 0
Epoch: 923
0.100000139345 0
Epoch: 924
0.100000136997 0
Epoch: 925
0.100000134687 0
Epoch: 926
0.100000132417 0
Epoch: 927
0.100000130185 1
Epoch: 928
0.10000012799 0
Epoch: 929
0.100000125833 1
Epoch: 930
0.100000123712 2
Epoch: 931
0.100000121627 0
Epoch: 932
0.100000119576 0
Epoch: 933
0.100000117561 0
Epoch: 934
0.100000115579 2
Epoch: 935
0.100000113631 1
Epoch: 936
0.100000111716 0
Epoch: 937
0.100000109832 0
Epoch: 938
0.100000107981 0
Epoch: 939
0.100000106161 0
Epoch: 940
0.100000104371 3
Epoch: 941
0.100000102612 0
Epoch: 942
0.100000100882 0
Epoch: 943
0.100000099182 0
Epoch: 944
0.10000009751 0
Epoch: 945
0.100000095866 0
Epoch: 946
0.10000009425 0
Epoch: 947
0.100000092662 0
Epoch: 948
0.1000000911 0
Epoch: 949
0.100000089564 0
Epoch: 950
0.100000088054 0
Epoch: 951
0.10000008657 0
Epoch: 952
0.100000085111 0
Epoch: 953
0.100000083676 1
Epoch: 954
0.100000082266 1
Epoch: 955
0.100000080879 0
Epoch: 956
0.100000079516 0
Epoch: 957
0.100000078175 1
Epoch: 958
0.100000076858 2
Epoch: 959
0.100000075562 0
Epoch: 960
0.100000074288 0
Epoch: 961
0.100000073036 1
Epoch: 962
0.100000071805 0
Epoch: 963
0.100000070595 0
Epoch: 964
0.100000069405 1
Epoch: 965
0.100000068235 2
Epoch: 966
0.100000067085 0
Epoch: 967
0.100000065954 0
Epoch: 968
0.100000064842 0
Epoch: 969
0.100000063749 2
Epoch: 970
0.100000062675 2
Epoch: 971
0.100000061618 0
Epoch: 972
0.100000060579 0
Epoch: 973
0.100000059558 1
Epoch: 974
0.100000058554 0
Epoch: 975
0.100000057567 1
Epoch: 976
0.100000056597 0
Epoch: 977
0.100000055643 0
Epoch: 978
0.100000054705 2
Epoch: 979
0.100000053783 2
Epoch: 980
0.100000052876 0
Epoch: 981
0.100000051985 0
Epoch: 982
0.100000051109 0
Epoch: 983
0.100000050247 0
Epoch: 984
0.1000000494 0
Epoch: 985
0.100000048568 0
Epoch: 986
0.100000047749 0
Epoch: 987
0.100000046944 0
Epoch: 988
0.100000046153 0
Epoch: 989
0.100000045375 0
Epoch: 990
0.10000004461 0
Epoch: 991
0.100000043858 3
Epoch: 992
0.100000043119 0
Epoch: 993
0.100000042392 0
Epoch: 994
0.100000041677 1
Epoch: 995
0.100000040975 0
Epoch: 996
0.100000040284 0
Epoch: 997
0.100000039605 0
Epoch: 998
0.100000038937 0
Epoch: 999
0.100000038281 0
Epoch: 1000
0.100000037636 0
Epoch: 1001
0.100000037001 0
Epoch: 1002
0.100000036378 1
Epoch: 1003
0.100000035764 0
Epoch: 1004
0.100000035162 0
Epoch: 1005
0.100000034569 0
Epoch: 1006
0.100000033986 0
Epoch: 1007
0.100000033413 1
Epoch: 1008
0.10000003285 0
Epoch: 1009
0.100000032296 0
Epoch: 1010
0.100000031752 0
Epoch: 1011
0.100000031217 0
Epoch: 1012
0.100000030691 1
Epoch: 1013
0.100000030173 0
Epoch: 1014
0.100000029665 3
Epoch: 1015
0.100000029165 0
Epoch: 1016
0.100000028673 0
Epoch: 1017
0.10000002819 0
Epoch: 1018
0.100000027714 0
Epoch: 1019
0.100000027247 0
Epoch: 1020
0.100000026788 2
Epoch: 1021
0.100000026336 0
Epoch: 1022
0.100000025893 0
Epoch: 1023
0.100000025456 0
Epoch: 1024
0.100000025027 0
Epoch: 1025
0.100000024605 1
Epoch: 1026
0.10000002419 3
Epoch: 1027
0.100000023783 0
Epoch: 1028
0.100000023382 0
Epoch: 1029
0.100000022988 0
Epoch: 1030
0.1000000226 0
Epoch: 1031
0.100000022219 0
Epoch: 1032
0.100000021845 0
Epoch: 1033
0.100000021476 0
Epoch: 1034
0.100000021114 0
Epoch: 1035
0.100000020758 0
Epoch: 1036
0.100000020409 0
Epoch: 1037
0.100000020065 0
Epoch: 1038
0.100000019726 0
Epoch: 1039
0.100000019394 1
Epoch: 1040
0.100000019067 0
Epoch: 1041
0.100000018746 0
Epoch: 1042
0.10000001843 0
Epoch: 1043
0.100000018119 0
Epoch: 1044
0.100000017813 1
Epoch: 1045
0.100000017513 0
Epoch: 1046
0.100000017218 0
Epoch: 1047
0.100000016928 0
Epoch: 1048
0.100000016642 0
Epoch: 1049
0.100000016362 1
Epoch: 1050
0.100000016086 0
Epoch: 1051
0.100000015815 0
Epoch: 1052
0.100000015548 1
Epoch: 1053
0.100000015286 0
Epoch: 1054
0.100000015029 0
Epoch: 1055
0.100000014775 0
Epoch: 1056
0.100000014526 1
Epoch: 1057
0.100000014281 0
Epoch: 1058
0.100000014041 0
Epoch: 1059
0.100000013804 0
Epoch: 1060
0.100000013571 0
Epoch: 1061
0.100000013343 0
Epoch: 1062
0.100000013118 0
Epoch: 1063
0.100000012896 0
Epoch: 1064
0.100000012679 0
Epoch: 1065
0.100000012465 0
Epoch: 1066
0.100000012255 0
Epoch: 1067
0.100000012049 0
Epoch: 1068
0.100000011846 0
Epoch: 1069
0.100000011646 0
Epoch: 1070
0.10000001145 0
Epoch: 1071
0.100000011257 0
Epoch: 1072
0.100000011067 1
Epoch: 1073
0.10000001088 1
Epoch: 1074
0.100000010697 0
Epoch: 1075
0.100000010517 0
Epoch: 1076
0.100000010339 0
Epoch: 1077
0.100000010165 0
Epoch: 1078
0.100000009994 0
Epoch: 1079
0.100000009825 0
Epoch: 1080
0.10000000966 0
Epoch: 1081
0.100000009497 0
Epoch: 1082
0.100000009337 1
Epoch: 1083
0.100000009179 1
Epoch: 1084
0.100000009025 0
Epoch: 1085
0.100000008872 0
Epoch: 1086
0.100000008723 0
Epoch: 1087
0.100000008576 0
Epoch: 1088
0.100000008431 0
Epoch: 1089
0.100000008289 0
Epoch: 1090
0.100000008149 1
Epoch: 1091
0.100000008012 0
Epoch: 1092
0.100000007877 0
Epoch: 1093
0.100000007744 0
Epoch: 1094
0.100000007614 0
Epoch: 1095
0.100000007485 2
Epoch: 1096
0.100000007359 0
Epoch: 1097
0.100000007235 0
Epoch: 1098
0.100000007113 1
Epoch: 1099
0.100000006993 0
Epoch: 1100
0.100000006875 0
Epoch: 1101
0.10000000676 0
Epoch: 1102
0.100000006646 0
Epoch: 1103
0.100000006534 1
Epoch: 1104
0.100000006423 0
Epoch: 1105
0.100000006315 0
Epoch: 1106
0.100000006209 1
Epoch: 1107
0.100000006104 1
Epoch: 1108
0.100000006001 0
Epoch: 1109
0.1000000059 0
Epoch: 1110
0.100000005801 0
Epoch: 1111
0.100000005703 1
Epoch: 1112
0.100000005607 0
Epoch: 1113
0.100000005512 1
Epoch: 1114
0.100000005419 0
Epoch: 1115
0.100000005328 0
Epoch: 1116
0.100000005238 0
Epoch: 1117
0.10000000515 1
Epoch: 1118
0.100000005063 0
Epoch: 1119
0.100000004978 0
Epoch: 1120
0.100000004894 0
Epoch: 1121
0.100000004811 0
Epoch: 1122
0.10000000473 3
Epoch: 1123
0.10000000465 0
Epoch: 1124
0.100000004572 2
Epoch: 1125
0.100000004495 0
Epoch: 1126
0.100000004419 0
Epoch: 1127
0.100000004345 0
Epoch: 1128
0.100000004271 1
Epoch: 1129
0.100000004199 0
Epoch: 1130
0.100000004129 0
Epoch: 1131
0.100000004059 0
Epoch: 1132
0.100000003991 0
Epoch: 1133
0.100000003923 1
Epoch: 1134
0.100000003857 0
Epoch: 1135
0.100000003792 1
Epoch: 1136
0.100000003728 0
Epoch: 1137
0.100000003665 0
Epoch: 1138
0.100000003604 1
Epoch: 1139
0.100000003543 1
Epoch: 1140
0.100000003483 0
Epoch: 1141
0.100000003425 0
Epoch: 1142
0.100000003367 0
Epoch: 1143
0.10000000331 0
Epoch: 1144
0.100000003254 0
Epoch: 1145
0.100000003199 0
Epoch: 1146
0.100000003145 0
Epoch: 1147
0.100000003092 0
Epoch: 1148
0.10000000304 0
Epoch: 1149
0.100000002989 0
Epoch: 1150
0.100000002939 0
Epoch: 1151
0.100000002889 2
Epoch: 1152
0.10000000284 0
Epoch: 1153
0.100000002793 0
Epoch: 1154
0.100000002745 0
Epoch: 1155
0.100000002699 0
Epoch: 1156
0.100000002654 0
Epoch: 1157
0.100000002609 2
Epoch: 1158
0.100000002565 0
Epoch: 1159
0.100000002522 0
Epoch: 1160
0.100000002479 0
Epoch: 1161
0.100000002437 0
Epoch: 1162
0.100000002396 0
Epoch: 1163
0.100000002356 0
Epoch: 1164
0.100000002316 0
Epoch: 1165
0.100000002277 0
Epoch: 1166
0.100000002239 0
Epoch: 1167
0.100000002201 0
Epoch: 1168
0.100000002164 2
Epoch: 1169
0.100000002128 0
Epoch: 1170
0.100000002092 1
Epoch: 1171
0.100000002056 0
Epoch: 1172
0.100000002022 0
Epoch: 1173
0.100000001988 1
Epoch: 1174
0.100000001954 1
Epoch: 1175
0.100000001921 0
Epoch: 1176
0.100000001889 0
Epoch: 1177
0.100000001857 1
Epoch: 1178
0.100000001826 0
Epoch: 1179
0.100000001795 0
Epoch: 1180
0.100000001765 0
Epoch: 1181
0.100000001735 0
Epoch: 1182
0.100000001706 0
Epoch: 1183
0.100000001677 0
Epoch: 1184
0.100000001649 0
Epoch: 1185
0.100000001621 1
Epoch: 1186
0.100000001594 1
Epoch: 1187
0.100000001567 0
Epoch: 1188
0.10000000154 0
Epoch: 1189
0.100000001514 0
Epoch: 1190
0.100000001489 0
Epoch: 1191
0.100000001464 0
Epoch: 1192
0.100000001439 1
Epoch: 1193
0.100000001415 0
Epoch: 1194
0.100000001391 1
Epoch: 1195
0.100000001367 0
Epoch: 1196
0.100000001344 1
Epoch: 1197
0.100000001322 0
Epoch: 1198
0.100000001299 0
Epoch: 1199
0.100000001278 1
Epoch: 1200
0.100000001256 0
Epoch: 1201
0.100000001235 1
Epoch: 1202
0.100000001214 0
Epoch: 1203
0.100000001194 0
Epoch: 1204
0.100000001173 1
Epoch: 1205
0.100000001154 1
Epoch: 1206
0.100000001134 1
Epoch: 1207
0.100000001115 0
Epoch: 1208
0.100000001096 0
Epoch: 1209
0.100000001078 1
Epoch: 1210
0.10000000106 0
Epoch: 1211
0.100000001042 2
Epoch: 1212
0.100000001024 1
Epoch: 1213
0.100000001007 3
Epoch: 1214
0.10000000099 0
Epoch: 1215
0.100000000973 1
Epoch: 1216
0.100000000957 0
Epoch: 1217
0.100000000941 0
Epoch: 1218
0.100000000925 0
Epoch: 1219
0.100000000909 1
Epoch: 1220
0.100000000894 1
Epoch: 1221
0.100000000879 0
Epoch: 1222
0.100000000864 0
Epoch: 1223
0.10000000085 1
Epoch: 1224
0.100000000835 1
Epoch: 1225
0.100000000821 0
Epoch: 1226
0.100000000807 0
Epoch: 1227
0.100000000794 0
Epoch: 1228
0.10000000078 1
Epoch: 1229
0.100000000767 0
Epoch: 1230
0.100000000754 1
Epoch: 1231
0.100000000742 0
Epoch: 1232
0.100000000729 1
Epoch: 1233
0.100000000717 1
Epoch: 1234
0.100000000705 0
Epoch: 1235
0.100000000693 1
Epoch: 1236
0.100000000681 0
Epoch: 1237
0.10000000067 0
Epoch: 1238
0.100000000658 1
Epoch: 1239
0.100000000647 0
Epoch: 1240
0.100000000636 0
Epoch: 1241
0.100000000626 0
Epoch: 1242
0.100000000615 0
Epoch: 1243
0.100000000605 0
Epoch: 1244
0.100000000594 1
Epoch: 1245
0.100000000584 0
Epoch: 1246
0.100000000575 0
Epoch: 1247
0.100000000565 0
Epoch: 1248
0.100000000555 1
Epoch: 1249
0.100000000546 0
Epoch: 1250
0.100000000537 0
Epoch: 1251
0.100000000528 0
Epoch: 1252
0.100000000519 0
Epoch: 1253
0.10000000051 0
Epoch: 1254
0.100000000502 0
Epoch: 1255
0.100000000493 0
Epoch: 1256
0.100000000485 0
Epoch: 1257
0.100000000477 0
Epoch: 1258
0.100000000469 0
Epoch: 1259
0.100000000461 0
Epoch: 1260
0.100000000453 0
Epoch: 1261
0.100000000445 2
Epoch: 1262
0.100000000438 0
Epoch: 1263
0.10000000043 0
Epoch: 1264
0.100000000423 0
Epoch: 1265
0.100000000416 1
Epoch: 1266
0.100000000409 0
Epoch: 1267
0.100000000402 0
Epoch: 1268
0.100000000395 0
Epoch: 1269
0.100000000389 0
Epoch: 1270
0.100000000382 1
Epoch: 1271
0.100000000376 1
Epoch: 1272
0.100000000369 0
Epoch: 1273
0.100000000363 0
Epoch: 1274
0.100000000357 1
Epoch: 1275
0.100000000351 1
Epoch: 1276
0.100000000345 1
Epoch: 1277
0.100000000339 0
Epoch: 1278
0.100000000334 0
Epoch: 1279
0.100000000328 1
Epoch: 1280
0.100000000322 0
Epoch: 1281
0.100000000317 0
Epoch: 1282
0.100000000312 0
Epoch: 1283
0.100000000306 0
Epoch: 1284
0.100000000301 0
Epoch: 1285
0.100000000296 1
Epoch: 1286
0.100000000291 1
Epoch: 1287
0.100000000286 0
Epoch: 1288
0.100000000281 0
Epoch: 1289
0.100000000277 0
Epoch: 1290
0.100000000272 1
Epoch: 1291
0.100000000267 0
Epoch: 1292
0.100000000263 0
Epoch: 1293
0.100000000258 0
Epoch: 1294
0.100000000254 2
Epoch: 1295
0.10000000025 1
Epoch: 1296
0.100000000246 0
Epoch: 1297
0.100000000241 0
Epoch: 1298
0.100000000237 0
Epoch: 1299
0.100000000233 0
Epoch: 1300
0.100000000229 1
Epoch: 1301
0.100000000226 0
Epoch: 1302
0.100000000222 0
Epoch: 1303
0.100000000218 0
Epoch: 1304
0.100000000214 0
Epoch: 1305
0.100000000211 0
Epoch: 1306
0.100000000207 0
Epoch: 1307
0.100000000204 2
Epoch: 1308
0.1000000002 1
Epoch: 1309
0.100000000197 1
Epoch: 1310
0.100000000194 0
Epoch: 1311
0.10000000019 0
Epoch: 1312
0.100000000187 1
Epoch: 1313
0.100000000184 1
Epoch: 1314
0.100000000181 2
Epoch: 1315
0.100000000178 0
Epoch: 1316
0.100000000175 1
Epoch: 1317
0.100000000172 2
Epoch: 1318
0.100000000169 0
Epoch: 1319
0.100000000166 0
Epoch: 1320
0.100000000163 1
Epoch: 1321
0.100000000161 0
Epoch: 1322
0.100000000158 1
Epoch: 1323
0.100000000155 0
Epoch: 1324
0.100000000153 1
Epoch: 1325
0.10000000015 0
Epoch: 1326
0.100000000147 1
Epoch: 1327
0.100000000145 2
Epoch: 1328
0.100000000143 0
Epoch: 1329
0.10000000014 1
Epoch: 1330
0.100000000138 0
Epoch: 1331
0.100000000135 0
Epoch: 1332
0.100000000133 0
Epoch: 1333
0.100000000131 0
Epoch: 1334
0.100000000129 1
Epoch: 1335
0.100000000127 1
Epoch: 1336
0.100000000124 0
Epoch: 1337
0.100000000122 1
Epoch: 1338
0.10000000012 1
Epoch: 1339
0.100000000118 1
Epoch: 1340
0.100000000116 1
Epoch: 1341
0.100000000114 1
Epoch: 1342
0.100000000112 0
Epoch: 1343
0.10000000011 0
Epoch: 1344
0.100000000109 1
Epoch: 1345
0.100000000107 0
Epoch: 1346
0.100000000105 1
Epoch: 1347
0.100000000103 0
Epoch: 1348
0.100000000101 0
Epoch: 1349
0.1000000001 0
Epoch: 1350
0.100000000098 0
Epoch: 1351
0.100000000096 0
Epoch: 1352
0.100000000095 0
Epoch: 1353
0.100000000093 1
Epoch: 1354
0.100000000092 2
Epoch: 1355
0.10000000009 0
Epoch: 1356
0.100000000089 0
Epoch: 1357
0.100000000087 0
Epoch: 1358
0.100000000086 0
Epoch: 1359
0.100000000084 1
Epoch: 1360
0.100000000083 1
Epoch: 1361
0.100000000081 2
Epoch: 1362
0.10000000008 0
Epoch: 1363
0.100000000079 0
Epoch: 1364
0.100000000077 1
Epoch: 1365
0.100000000076 1
Epoch: 1366
0.100000000075 4
Epoch: 1367
0.100000000073 0
Epoch: 1368
0.100000000072 4
Epoch: 1369
0.100000000071 1
Epoch: 1370
0.10000000007 1
Epoch: 1371
0.100000000069 2
Epoch: 1372
0.100000000067 0
Epoch: 1373
0.100000000066 1
Epoch: 1374
0.100000000065 0
Epoch: 1375
0.100000000064 2
Epoch: 1376
0.100000000063 0
Epoch: 1377
0.100000000062 0
Epoch: 1378
0.100000000061 3
Epoch: 1379
0.10000000006 2
Epoch: 1380
0.100000000059 5
Epoch: 1381
0.100000000058 0
Epoch: 1382
0.100000000057 1
Epoch: 1383
0.100000000056 0
Epoch: 1384
0.100000000055 0
Epoch: 1385
0.100000000054 2
Epoch: 1386
0.100000000053 0
Epoch: 1387
0.100000000052 0
Epoch: 1388
0.100000000051 0
Epoch: 1389
0.100000000051 0
Epoch: 1390
0.10000000005 0
Epoch: 1391
0.100000000049 0
Epoch: 1392
0.100000000048 0
Epoch: 1393
0.100000000047 0
Epoch: 1394
0.100000000046 1
Epoch: 1395
0.100000000046 0
Epoch: 1396
0.100000000045 3
Epoch: 1397
0.100000000044 1
Epoch: 1398
0.100000000043 2
Epoch: 1399
0.100000000043 0
Epoch: 1400
0.100000000042 0
Epoch: 1401
0.100000000041 1
Epoch: 1402
0.100000000041 0
Epoch: 1403
0.10000000004 1
Epoch: 1404
0.100000000039 2
Epoch: 1405
0.100000000039 0
Epoch: 1406
0.100000000038 1
Epoch: 1407
0.100000000037 1
Epoch: 1408
0.100000000037 1
Epoch: 1409
0.100000000036 1
Epoch: 1410
0.100000000035 0
Epoch: 1411
0.100000000035 0
Epoch: 1412
0.100000000034 1
Epoch: 1413
0.100000000034 3
Epoch: 1414
0.100000000033 0
Epoch: 1415
0.100000000032 0
Epoch: 1416
0.100000000032 1
Epoch: 1417
0.100000000031 0
Epoch: 1418
0.100000000031 0
Epoch: 1419
0.10000000003 0
Epoch: 1420
0.10000000003 2
Epoch: 1421
0.100000000029 3
Epoch: 1422
0.100000000029 1
Epoch: 1423
0.100000000028 3
Epoch: 1424
0.100000000028 0
Epoch: 1425
0.100000000027 0
Epoch: 1426
0.100000000027 1
Epoch: 1427
0.100000000026 1
Epoch: 1428
0.100000000026 0
Epoch: 1429
0.100000000026 0
Epoch: 1430
0.100000000025 0
Epoch: 1431
0.100000000025 0
Epoch: 1432
0.100000000024 1
Epoch: 1433
0.100000000024 0
Epoch: 1434
0.100000000024 1
Epoch: 1435
0.100000000023 1
Epoch: 1436
0.100000000023 2
Epoch: 1437
0.100000000022 1
Epoch: 1438
0.100000000022 1
Epoch: 1439
0.100000000022 0
Epoch: 1440
0.100000000021 1
Epoch: 1441
0.100000000021 1
Epoch: 1442
0.100000000021 1
Epoch: 1443
0.10000000002 1
Epoch: 1444
0.10000000002 0
Epoch: 1445
0.10000000002 1
Epoch: 1446
0.100000000019 3
Epoch: 1447
0.100000000019 3
Epoch: 1448
0.100000000019 2
Epoch: 1449
0.100000000018 2
Epoch: 1450
0.100000000018 1
Epoch: 1451
0.100000000018 2
Epoch: 1452
0.100000000017 1
Epoch: 1453
0.100000000017 0
Epoch: 1454
0.100000000017 0
Epoch: 1455
0.100000000016 2
Epoch: 1456
0.100000000016 0
Epoch: 1457
0.100000000016 0
Epoch: 1458
0.100000000016 0
Epoch: 1459
0.100000000015 0
Epoch: 1460
0.100000000015 2
Epoch: 1461
0.100000000015 2
Epoch: 1462
0.100000000015 1
Epoch: 1463
0.100000000014 2
Epoch: 1464
0.100000000014 0
Epoch: 1465
0.100000000014 1
Epoch: 1466
0.100000000014 4
Epoch: 1467
0.100000000013 1
Epoch: 1468
0.100000000013 2
Epoch: 1469
0.100000000013 1
Epoch: 1470
0.100000000013 1
Epoch: 1471
0.100000000013 4
Epoch: 1472
0.100000000012 0
Epoch: 1473
0.100000000012 3
Epoch: 1474
0.100000000012 3
Epoch: 1475
0.100000000012 2
Epoch: 1476
0.100000000012 2
Epoch: 1477
0.100000000011 0
Epoch: 1478
0.100000000011 3
Epoch: 1479
0.100000000011 2
Epoch: 1480
0.100000000011 0
Epoch: 1481
0.100000000011 1
Epoch: 1482
0.10000000001 1
Epoch: 1483
0.10000000001 1
Epoch: 1484
0.10000000001 1
Epoch: 1485
0.10000000001 0
Epoch: 1486
0.10000000001 1
Epoch: 1487
0.10000000001 0
Epoch: 1488
0.100000000009 1
Epoch: 1489
0.100000000009 0
Epoch: 1490
0.100000000009 1
Epoch: 1491
0.100000000009 2
Epoch: 1492
0.100000000009 0
Epoch: 1493
0.100000000009 1
Epoch: 1494
0.100000000008 1
Epoch: 1495
0.100000000008 0
Epoch: 1496
0.100000000008 0
Epoch: 1497
0.100000000008 0
Epoch: 1498
0.100000000008 1
Epoch: 1499
0.100000000008 1
Epoch: 1500
0.100000000008 0
Epoch: 1501
0.100000000008 0
Epoch: 1502
0.100000000007 0
Epoch: 1503
0.100000000007 1
Epoch: 1504
0.100000000007 1
Epoch: 1505
0.100000000007 1
Epoch: 1506
0.100000000007 0
Epoch: 1507
0.100000000007 1
Epoch: 1508
0.100000000007 0
Epoch: 1509
0.100000000007 0
Epoch: 1510
0.100000000006 0
Epoch: 1511
0.100000000006 0
Epoch: 1512
0.100000000006 0
Epoch: 1513
0.100000000006 0
Epoch: 1514
0.100000000006 1
Epoch: 1515
0.100000000006 0
Epoch: 1516
0.100000000006 0
Epoch: 1517
0.100000000006 0
Epoch: 1518
0.100000000006 0
Epoch: 1519
0.100000000006 0
Epoch: 1520
0.100000000005 0
Epoch: 1521
0.100000000005 0
Epoch: 1522
0.100000000005 0
Epoch: 1523
0.100000000005 2
Epoch: 1524
0.100000000005 2
Epoch: 1525
0.100000000005 0
Epoch: 1526
0.100000000005 0
Epoch: 1527
0.100000000005 1
Epoch: 1528
0.100000000005 0
Epoch: 1529
0.100000000005 0
Epoch: 1530
0.100000000005 0
Epoch: 1531
0.100000000005 0
Epoch: 1532
0.100000000004 0
Epoch: 1533
0.100000000004 0
Epoch: 1534
0.100000000004 0
Epoch: 1535
0.100000000004 0
Epoch: 1536
0.100000000004 0
Epoch: 1537
0.100000000004 0
Epoch: 1538
0.100000000004 0
Epoch: 1539
0.100000000004 0
Epoch: 1540
0.100000000004 0
Epoch: 1541
0.100000000004 1
Epoch: 1542
0.100000000004 1
Epoch: 1543
0.100000000004 0
Epoch: 1544
0.100000000004 0
Epoch: 1545
0.100000000004 0
Epoch: 1546
0.100000000004 1
Epoch: 1547
0.100000000003 0
Epoch: 1548
0.100000000003 0
Epoch: 1549
0.100000000003 0
Epoch: 1550
0.100000000003 0
Epoch: 1551
0.100000000003 0
Epoch: 1552
0.100000000003 1
Epoch: 1553
0.100000000003 0
Epoch: 1554
0.100000000003 0
Epoch: 1555
0.100000000003 1
Epoch: 1556
0.100000000003 0
Epoch: 1557
0.100000000003 0
Epoch: 1558
0.100000000003 1
Epoch: 1559
0.100000000003 1
Epoch: 1560
0.100000000003 0
Epoch: 1561
0.100000000003 1
Epoch: 1562
0.100000000003 2
Epoch: 1563
0.100000000003 2
Epoch: 1564
0.100000000003 0
Epoch: 1565
0.100000000003 0
Epoch: 1566
0.100000000002 0
Epoch: 1567
0.100000000002 0
Epoch: 1568
0.100000000002 0
Epoch: 1569
0.100000000002 1
Epoch: 1570
0.100000000002 0
Epoch: 1571
0.100000000002 3
Epoch: 1572
0.100000000002 0
Epoch: 1573
0.100000000002 1
Epoch: 1574
0.100000000002 0
Epoch: 1575
0.100000000002 0
Epoch: 1576
0.100000000002 2
Epoch: 1577
0.100000000002 1
Epoch: 1578
0.100000000002 0
Epoch: 1579
0.100000000002 0
Epoch: 1580
0.100000000002 0
Epoch: 1581
0.100000000002 0
Epoch: 1582
0.100000000002 0
Epoch: 1583
0.100000000002 1
Epoch: 1584
0.100000000002 0
Epoch: 1585
0.100000000002 1
Epoch: 1586
0.100000000002 2
Epoch: 1587
0.100000000002 0
Epoch: 1588
0.100000000002 0
Epoch: 1589
0.100000000002 0
Epoch: 1590
0.100000000002 1
Epoch: 1591
0.100000000002 0
Epoch: 1592
0.100000000002 0
Epoch: 1593
0.100000000002 0
Epoch: 1594
0.100000000002 0
Epoch: 1595
0.100000000002 0
Epoch: 1596
0.100000000001 1
Epoch: 1597
0.100000000001 0
Epoch: 1598
0.100000000001 0
Epoch: 1599
0.100000000001 1
Epoch: 1600
0.100000000001 0
Epoch: 1601
0.100000000001 0
Epoch: 1602
0.100000000001 0
Epoch: 1603
0.100000000001 0
Epoch: 1604
0.100000000001 1
Epoch: 1605
0.100000000001 0
Epoch: 1606
0.100000000001 0
Epoch: 1607
0.100000000001 1
Epoch: 1608
0.100000000001 0
Epoch: 1609
0.100000000001 1
Epoch: 1610
0.100000000001 1
Epoch: 1611
0.100000000001 0
Epoch: 1612
0.100000000001 0
Epoch: 1613
0.100000000001 0
Epoch: 1614
0.100000000001 0
Epoch: 1615
0.100000000001 1
Epoch: 1616
0.100000000001 0
Epoch: 1617
0.100000000001 0
Epoch: 1618
0.100000000001 0
Epoch: 1619
0.100000000001 0
Epoch: 1620
0.100000000001 0
Epoch: 1621
0.100000000001 0
Epoch: 1622
0.100000000001 1
Epoch: 1623
0.100000000001 2
Epoch: 1624
0.100000000001 1
Epoch: 1625
0.100000000001 0
Epoch: 1626
0.100000000001 1
Epoch: 1627
0.100000000001 2
Epoch: 1628
0.100000000001 1
Epoch: 1629
0.100000000001 1
Epoch: 1630
0.100000000001 0
Epoch: 1631
0.100000000001 0
Epoch: 1632
0.100000000001 2
Epoch: 1633
0.100000000001 0
Epoch: 1634
0.100000000001 0
Epoch: 1635
0.100000000001 1
Epoch: 1636
0.100000000001 0
Epoch: 1637
0.100000000001 1
Epoch: 1638
0.100000000001 1
Epoch: 1639
0.100000000001 1
Epoch: 1640
0.100000000001 0
Epoch: 1641
0.100000000001 1
Epoch: 1642
0.100000000001 2
Epoch: 1643
0.100000000001 0
Epoch: 1644
0.100000000001 0
Epoch: 1645
0.100000000001 0
Epoch: 1646
0.100000000001 0
Epoch: 1647
0.100000000001 0
Epoch: 1648
0.100000000001 1
Epoch: 1649
0.100000000001 0
Epoch: 1650
0.100000000001 1
Epoch: 1651
0.100000000001 1
Epoch: 1652
0.100000000001 0
Epoch: 1653
0.100000000001 1
Epoch: 1654
0.100000000001 0
Epoch: 1655
0.100000000001 0
Epoch: 1656
0.100000000001 1
Epoch: 1657
0.100000000001 0
Epoch: 1658
0.100000000001 0
Epoch: 1659
0.100000000001 2
Epoch: 1660
0.100000000001 0
Epoch: 1661
0.1 1
Epoch: 1662
0.1 0
Epoch: 1663
0.1 1
Epoch: 1664
0.1 0
Epoch: 1665
0.1 0
Epoch: 1666
0.1 1
Epoch: 1667
0.1 1
Epoch: 1668
0.1 1
Epoch: 1669
0.1 1
Epoch: 1670
0.1 0
Epoch: 1671
0.1 0
Epoch: 1672
0.1 2
Epoch: 1673
0.1 1
Epoch: 1674
0.1 0
Epoch: 1675
0.1 1
Epoch: 1676
0.1 1
Epoch: 1677
0.1 0
Epoch: 1678
0.1 0
Epoch: 1679
0.1 0
Epoch: 1680
0.1 1
Epoch: 1681
0.1 0
Epoch: 1682
0.1 3
Epoch: 1683
0.1 1
Epoch: 1684
0.1 1
Epoch: 1685
0.1 2
Epoch: 1686
0.1 1
Epoch: 1687
0.1 1
Epoch: 1688
0.1 2
Epoch: 1689
0.1 1
Epoch: 1690
0.1 3
Epoch: 1691
0.1 1
Epoch: 1692
0.1 1
Epoch: 1693
0.1 0
Epoch: 1694
0.1 0
Epoch: 1695
0.1 2
Epoch: 1696
0.1 1
Epoch: 1697
0.1 1
Epoch: 1698
0.1 1
Epoch: 1699
0.1 1
Epoch: 1700
0.1 1
Epoch: 1701
0.1 1
Epoch: 1702
0.1 1
Epoch: 1703
0.1 0
Epoch: 1704
0.1 1
Epoch: 1705
0.1 0
Epoch: 1706
0.1 1
Epoch: 1707
0.1 0
Epoch: 1708
0.1 0
Epoch: 1709
0.1 1
Epoch: 1710
0.1 0
Epoch: 1711
0.1 0
Epoch: 1712
0.1 0
Epoch: 1713
0.1 0
Epoch: 1714
0.1 0
Epoch: 1715
0.1 1
Epoch: 1716
0.1 0
Epoch: 1717
0.1 1
Epoch: 1718
0.1 0
Epoch: 1719
0.1 1
Epoch: 1720
0.1 1
Epoch: 1721
0.1 0
Epoch: 1722
0.1 0
Epoch: 1723
0.1 0
Epoch: 1724
0.1 0
Epoch: 1725
0.1 0
Epoch: 1726
0.1 0
Epoch: 1727
0.1 0
Epoch: 1728
0.1 1
Epoch: 1729
0.1 1
Epoch: 1730
0.1 0
Epoch: 1731
0.1 1
Epoch: 1732
0.1 0
Epoch: 1733
0.1 2
Epoch: 1734
0.1 2
Epoch: 1735
0.1 2
Epoch: 1736
0.1 1
Epoch: 1737
0.1 1
Epoch: 1738
0.1 1
Epoch: 1739
0.1 0
Epoch: 1740
0.1 0
Epoch: 1741
0.1 1
Epoch: 1742
0.1 3
Epoch: 1743
0.1 2
Epoch: 1744
0.1 0
Epoch: 1745
0.1 3
Epoch: 1746
0.1 0
Epoch: 1747
0.1 4
Epoch: 1748
0.1 3
Epoch: 1749
0.1 1
Epoch: 1750
0.1 0
Epoch: 1751
0.1 1
Epoch: 1752
0.1 2
Epoch: 1753
0.1 2
Epoch: 1754
0.1 0
Epoch: 1755
0.1 0
Epoch: 1756
0.1 2
Epoch: 1757
0.1 0
Epoch: 1758
0.1 1
Epoch: 1759
0.1 1
Epoch: 1760
0.1 0
Epoch: 1761
0.1 0
Epoch: 1762
0.1 1
Epoch: 1763
0.1 0
Epoch: 1764
0.1 0
Epoch: 1765
0.1 1
Epoch: 1766
0.1 0
Epoch: 1767
0.1 0
Epoch: 1768
0.1 1
Epoch: 1769
0.1 1
Epoch: 1770
0.1 0
Epoch: 1771
0.1 1
Epoch: 1772
0.1 3
Epoch: 1773
0.1 0
Epoch: 1774
0.1 1
Epoch: 1775
0.1 1
Epoch: 1776
0.1 0
Epoch: 1777
0.1 1
Epoch: 1778
0.1 0
Epoch: 1779
0.1 1
Epoch: 1780
0.1 1
Epoch: 1781
0.1 0
Epoch: 1782
0.1 0
Epoch: 1783
0.1 0
Epoch: 1784
0.1 0
Epoch: 1785
0.1 1
Epoch: 1786
0.1 0
Epoch: 1787
0.1 1
Epoch: 1788
0.1 0
Epoch: 1789
0.1 0
Epoch: 1790
0.1 1
Epoch: 1791
0.1 0
Epoch: 1792
0.1 0
Epoch: 1793
0.1 0
Epoch: 1794
0.1 1
Epoch: 1795
0.1 3
Epoch: 1796
0.1 0
Epoch: 1797
0.1 0
Epoch: 1798
0.1 0
Epoch: 1799
0.1 0
Epoch: 1800
0.1 0
Epoch: 1801
0.1 1
Epoch: 1802
0.1 3
Epoch: 1803
0.1 0
Epoch: 1804
0.1 2
Epoch: 1805
0.1 0
Epoch: 1806
0.1 0
Epoch: 1807
0.1 1
Epoch: 1808
0.1 1
Epoch: 1809
0.1 1
Epoch: 1810
0.1 1
Epoch: 1811
0.1 0
Epoch: 1812
0.1 2
Epoch: 1813
0.1 0
Epoch: 1814
0.1 3
Epoch: 1815
0.1 0
Epoch: 1816
0.1 0
Epoch: 1817
0.1 0
Epoch: 1818
0.1 1
Epoch: 1819
0.1 0
Epoch: 1820
0.1 0
Epoch: 1821
0.1 0
Epoch: 1822
0.1 0
Epoch: 1823
0.1 3
Epoch: 1824
0.1 2
Epoch: 1825
0.1 1
Epoch: 1826
0.1 0
Epoch: 1827
0.1 1
Epoch: 1828
0.1 0
Epoch: 1829
0.1 1
Epoch: 1830
0.1 1
Epoch: 1831
0.1 2
Epoch: 1832
0.1 0
Epoch: 1833
0.1 1
Epoch: 1834
0.1 0
Epoch: 1835
0.1 0
Epoch: 1836
0.1 1
Epoch: 1837
0.1 0
Epoch: 1838
0.1 0
Epoch: 1839
0.1 3
Epoch: 1840
0.1 2
Epoch: 1841
0.1 0
Epoch: 1842
0.1 2
Epoch: 1843
0.1 1
Epoch: 1844
0.1 2
Epoch: 1845
0.1 4
Epoch: 1846
0.1 2
Epoch: 1847
0.1 1
Epoch: 1848
0.1 0
Epoch: 1849
0.1 1
Epoch: 1850
0.1 0
Epoch: 1851
0.1 1
Epoch: 1852
0.1 1
Epoch: 1853
0.1 0
Epoch: 1854
0.1 2
Epoch: 1855
0.1 2
Epoch: 1856
0.1 3
Epoch: 1857
0.1 2
Epoch: 1858
0.1 1
Epoch: 1859
0.1 0
Epoch: 1860
0.1 2
Epoch: 1861
0.1 3
Epoch: 1862
0.1 0
Epoch: 1863
0.1 0
Epoch: 1864
0.1 0
Epoch: 1865
0.1 1
Epoch: 1866
0.1 1
Epoch: 1867
0.1 3
Epoch: 1868
0.1 2
Epoch: 1869
0.1 1
Epoch: 1870
0.1 1
Epoch: 1871
0.1 0
Epoch: 1872
0.1 1
Epoch: 1873
0.1 0
Epoch: 1874
0.1 3
Epoch: 1875
0.1 1
Epoch: 1876
0.1 0
Epoch: 1877
0.1 1
Epoch: 1878
0.1 0
Epoch: 1879
0.1 0
Epoch: 1880
0.1 0
Epoch: 1881
0.1 0
Epoch: 1882
0.1 0
Epoch: 1883
0.1 1
Epoch: 1884
0.1 0
Epoch: 1885
0.1 1
Epoch: 1886
0.1 0
Epoch: 1887
0.1 0
Epoch: 1888
0.1 0
Epoch: 1889
0.1 1
Epoch: 1890
0.1 2
Epoch: 1891
0.1 0
Epoch: 1892
0.1 0
Epoch: 1893
0.1 0
Epoch: 1894
0.1 2
Epoch: 1895
0.1 1
Epoch: 1896
0.1 2
Epoch: 1897
0.1 0
Epoch: 1898
0.1 1
Epoch: 1899
0.1 1
Epoch: 1900
0.1 0
Epoch: 1901
0.1 1
Epoch: 1902
0.1 1
Epoch: 1903
0.1 0
Epoch: 1904
0.1 0
Epoch: 1905
0.1 0
Epoch: 1906
0.1 0
Epoch: 1907
0.1 0
Epoch: 1908
0.1 0
Epoch: 1909
0.1 1
Epoch: 1910
0.1 1
Epoch: 1911
0.1 1
Epoch: 1912
0.1 0
Epoch: 1913
0.1 0
Epoch: 1914
0.1 0
Epoch: 1915
0.1 0
Epoch: 1916
0.1 2
Epoch: 1917
0.1 2
Epoch: 1918
0.1 1
Epoch: 1919
0.1 0
Epoch: 1920
0.1 2
Epoch: 1921
0.1 0
Epoch: 1922
0.1 1
Epoch: 1923
0.1 3
Epoch: 1924
0.1 0
Epoch: 1925
0.1 1
Epoch: 1926
0.1 0
Epoch: 1927
0.1 1
Epoch: 1928
0.1 0
Epoch: 1929
0.1 0
Epoch: 1930
0.1 0
Epoch: 1931
0.1 0
Epoch: 1932
0.1 0
Epoch: 1933
0.1 2
Epoch: 1934
0.1 0
Epoch: 1935
0.1 1
Epoch: 1936
0.1 0
Epoch: 1937
0.1 0
Epoch: 1938
0.1 1
Epoch: 1939
0.1 0
Epoch: 1940
0.1 0
Epoch: 1941
0.1 0
Epoch: 1942
0.1 0
Epoch: 1943
0.1 0
Epoch: 1944
0.1 0
Epoch: 1945
0.1 2
Epoch: 1946
0.1 0
Epoch: 1947
0.1 0
Epoch: 1948
0.1 0
Epoch: 1949
0.1 1
Epoch: 1950
0.1 0
Epoch: 1951
0.1 0
Epoch: 1952
0.1 0
Epoch: 1953
0.1 0
Epoch: 1954
0.1 0
Epoch: 1955
0.1 2
Epoch: 1956
0.1 0
Epoch: 1957
0.1 2
Epoch: 1958
0.1 0
Epoch: 1959
0.1 0
Epoch: 1960
0.1 0
Epoch: 1961
0.1 1
Epoch: 1962
0.1 0
Epoch: 1963
0.1 0
Epoch: 1964
0.1 0
Epoch: 1965
0.1 1
Epoch: 1966
0.1 0
Epoch: 1967
0.1 0
Epoch: 1968
0.1 0
Epoch: 1969
0.1 0
Epoch: 1970
0.1 0
Epoch: 1971
0.1 1
Epoch: 1972
0.1 0
Epoch: 1973
0.1 0
Epoch: 1974
0.1 0
Epoch: 1975
0.1 2
Epoch: 1976
0.1 0
Epoch: 1977
0.1 0
Epoch: 1978
0.1 0
Epoch: 1979
0.1 1
Epoch: 1980
0.1 0
Epoch: 1981
0.1 0
Epoch: 1982
0.1 1
Epoch: 1983
0.1 0
Epoch: 1984
0.1 0
Epoch: 1985
0.1 0
Epoch: 1986
0.1 4
Epoch: 1987
0.1 0
Epoch: 1988
0.1 3
Epoch: 1989
0.1 0
Epoch: 1990
0.1 0
Epoch: 1991
0.1 1
Epoch: 1992
0.1 0
Epoch: 1993
0.1 0
Epoch: 1994
0.1 0
Epoch: 1995
0.1 0
Epoch: 1996
0.1 1
Epoch: 1997
0.1 1
Epoch: 1998
0.1 1
Epoch: 1999
0.1 1
Epoch: 2000
0.1 1
Epoch: 2001
0.1 0
Epoch: 2002
0.1 0
Epoch: 2003
0.1 0
Epoch: 2004
0.1 1
Epoch: 2005
0.1 0
Epoch: 2006
0.1 0
Epoch: 2007
0.1 0
Epoch: 2008
0.1 0
Epoch: 2009
0.1 4
Epoch: 2010
0.1 0
Epoch: 2011
0.1 1
Epoch: 2012
0.1 1
Epoch: 2013
0.1 0
Epoch: 2014
0.1 0
Epoch: 2015
0.1 0
Epoch: 2016
0.1 1
Epoch: 2017
0.1 0
Epoch: 2018
0.1 1
Epoch: 2019
0.1 1
Epoch: 2020
0.1 1
Epoch: 2021
0.1 0
Epoch: 2022
0.1 0
Epoch: 2023
0.1 1
Epoch: 2024
0.1 1
Epoch: 2025
0.1 0
Epoch: 2026
0.1 1
Epoch: 2027
0.1 0
Epoch: 2028
0.1 0
Epoch: 2029
0.1 0
Epoch: 2030
0.1 0
Epoch: 2031
0.1 1
Epoch: 2032
0.1 0
Epoch: 2033
0.1 3
Epoch: 2034
0.1 1
Epoch: 2035
0.1 1
Epoch: 2036
0.1 0
Epoch: 2037
0.1 0
Epoch: 2038
0.1 2
Epoch: 2039
0.1 1
Epoch: 2040
0.1 0
Epoch: 2041
0.1 1
Epoch: 2042
0.1 1
Epoch: 2043
0.1 0
Epoch: 2044
0.1 0
Epoch: 2045
0.1 0
Epoch: 2046
0.1 0
Epoch: 2047
0.1 0
Epoch: 2048
0.1 0
Epoch: 2049
0.1 0
Epoch: 2050
0.1 0
Epoch: 2051
0.1 0
Epoch: 2052
0.1 0
Epoch: 2053
0.1 0
Epoch: 2054
0.1 0
Epoch: 2055
0.1 0
Epoch: 2056
0.1 1
Epoch: 2057
0.1 0
Epoch: 2058
0.1 1
Epoch: 2059
0.1 0
Epoch: 2060
0.1 0
Epoch: 2061
0.1 0
Epoch: 2062
0.1 0
Epoch: 2063
0.1 1
Epoch: 2064
0.1 2
Epoch: 2065
0.1 0
Epoch: 2066
0.1 4
Epoch: 2067
0.1 0
Epoch: 2068
0.1 0
Epoch: 2069
0.1 1
Epoch: 2070
0.1 1
Epoch: 2071
0.1 0
Epoch: 2072
0.1 0
Epoch: 2073
0.1 0
Epoch: 2074
0.1 2
Epoch: 2075
0.1 0
Epoch: 2076
0.1 0
Epoch: 2077
0.1 2
Epoch: 2078
0.1 0
Epoch: 2079
0.1 0
Epoch: 2080
0.1 1
Epoch: 2081
0.1 0
Epoch: 2082
0.1 0
Epoch: 2083
0.1 0
Epoch: 2084
0.1 1
Epoch: 2085
0.1 0
Epoch: 2086
0.1 0
Epoch: 2087
0.1 0
Epoch: 2088
0.1 1
Epoch: 2089
0.1 0
Epoch: 2090
0.1 1
Epoch: 2091
0.1 0
Epoch: 2092
0.1 0
Epoch: 2093
0.1 1
Epoch: 2094
0.1 0
Epoch: 2095
0.1 0
Epoch: 2096
0.1 1
Epoch: 2097
0.1 0
Epoch: 2098
0.1 2
Epoch: 2099
0.1 0
Epoch: 2100
0.1 1
Epoch: 2101
0.1 0
Epoch: 2102
0.1 0
Epoch: 2103
0.1 4
Epoch: 2104
0.1 0
Epoch: 2105
0.1 1
Epoch: 2106
0.1 1
Epoch: 2107
0.1 0
Epoch: 2108
0.1 1
Epoch: 2109
0.1 0
Epoch: 2110
0.1 0
Epoch: 2111
0.1 1
Epoch: 2112
0.1 1
Epoch: 2113
0.1 2
Epoch: 2114
0.1 0
Epoch: 2115
0.1 0
Epoch: 2116
0.1 0
Epoch: 2117
0.1 0
Epoch: 2118
0.1 1
Epoch: 2119
0.1 1
Epoch: 2120
0.1 3
Epoch: 2121
0.1 2
Epoch: 2122
0.1 2
Epoch: 2123
0.1 1
Epoch: 2124
0.1 1
Epoch: 2125
0.1 0
Epoch: 2126
0.1 0
Epoch: 2127
0.1 0
Epoch: 2128
0.1 1
Epoch: 2129
0.1 1
Epoch: 2130
0.1 0
Epoch: 2131
0.1 1
Epoch: 2132
0.1 2
Epoch: 2133
0.1 2
Epoch: 2134
0.1 1
Epoch: 2135
0.1 0
Epoch: 2136
0.1 0
Epoch: 2137
0.1 0
Epoch: 2138
0.1 1
Epoch: 2139
0.1 1
Epoch: 2140
0.1 3
Epoch: 2141
0.1 3
Epoch: 2142
0.1 2
Epoch: 2143
0.1 1
Epoch: 2144
0.1 1
Epoch: 2145
0.1 1
Epoch: 2146
0.1 1
Epoch: 2147
0.1 0
Epoch: 2148
0.1 3
Epoch: 2149
0.1 0
Epoch: 2150
0.1 0
Epoch: 2151
0.1 0
Epoch: 2152
0.1 0
Epoch: 2153
0.1 0
Epoch: 2154
0.1 1
Epoch: 2155
0.1 0
Epoch: 2156
0.1 1
Epoch: 2157
0.1 0
Epoch: 2158
0.1 1
Epoch: 2159
0.1 0
Epoch: 2160
0.1 0
Epoch: 2161
0.1 0
Epoch: 2162
0.1 0
Epoch: 2163
0.1 0
Epoch: 2164
0.1 1
Epoch: 2165
0.1 0
Epoch: 2166
0.1 1
Epoch: 2167
0.1 0
Epoch: 2168
0.1 0
Epoch: 2169
0.1 0
Epoch: 2170
0.1 0
Epoch: 2171
0.1 0
Epoch: 2172
0.1 0
Epoch: 2173
0.1 0
Epoch: 2174
0.1 0
Epoch: 2175
0.1 0
Epoch: 2176
0.1 2
Epoch: 2177
0.1 1
Epoch: 2178
0.1 0
Epoch: 2179
0.1 1
Epoch: 2180
0.1 1
Epoch: 2181
0.1 1
Epoch: 2182
0.1 0
Epoch: 2183
0.1 0
Epoch: 2184
